beam_counts: 720
angle_max: 1.56643295288
angle_min: -1.57079637051
angle_increment: 0.00436332309619